image: /home/joao/rm_cleaner_ws/src/rm_21-22-tp2/rm_cleaner_js/maps/map1.pgm
resolution: 0.050000
origin: [-100.000000, -100.000000, 0.000000]
negate: 0
occupied_thresh: 0.65
free_thresh: 0.196

